//Section   Type   Level   Dur   Skill   Luck   Option   Excellent
12          1      0       0     0       0      0        0
12          0      0       0     0       0      0        0
13          30     0       0     0       0      0        0
12          2      0       0     0       0      0        0
14          13     0       0     0       0      0        0
14          16     0       0     0       0      0        0
12          15     0       0     0       0      0        0
14          14     0       0     0       0      0        0
12          35     0       0     0       0      0        0
15          8      0       0     0       0      0        0
12          42     0       0     0       0      0        0
12          45     0       0     0       0      0        0
15          15     0       0     0       0      0        0
end
